mean, median, max, min, range, stdev, variance, pushup
0.29384615384615387,0.39,0.77,-1.15,1.92,0.44314502681729306,0.1963775147928994,1
0.255,0.37,0.53,-0.44,0.97,0.2925930865309608,0.0856107142857143,1
0.3158333333333333,0.375,0.48,-0.22,0.7,0.17651526531404835,0.031157638888888884,1
0.333076923076923,0.36,0.69,-0.12,0.8099999999999999,0.19483265463881938,0.037959763313609465,1
0.28214285714285714,0.32999999999999996,0.67,-0.06,0.73,0.196693328067127,0.03868826530612245,1
0.2985714285714285,0.4,0.63,-0.26,0.89,0.2583977317143129,0.06676938775510204,1
0.35923076923076924,0.4,0.53,-0.04,0.5700000000000001,0.1612194652525909,0.02599171597633136,1
0.22941176470588234,0.29,0.69,-0.47,1.16,0.27592562058802333,0.0761349480968858,1
0.2685714285714286,0.31999999999999995,0.48,-0.09,0.57,0.1544047160113013,0.023840816326530605,1
0.2561538461538462,0.33,0.48,-0.26,0.74,0.18681700060748307,0.03490059171597633,1
0.21642857142857144,0.275,0.54,-0.16,0.7000000000000001,0.2067298839015762,0.04273724489795918,1
0.25,0.3,0.47,-0.25,0.72,0.19304576314093677,0.03726666666666666,1
0.19937499999999997,0.275,0.49,-0.48,0.97,0.25452084271234054,0.064780859375,1
0.23117647058823526,0.31,0.46,-0.48,0.94,0.22053097295981372,0.04863391003460209,1
0.2122222222222222,0.31999999999999995,0.47,-0.36,0.83,0.23165001272406985,0.05366172839506172,1
0.2607142857142857,0.34,0.5,-0.22,0.72,0.18652706757673404,0.03479234693877551,1
0.24352941176470586,0.26,0.57,-0.39,0.96,0.22764629882834075,0.051822837370242215,1
0.17684210526315786,0.28,0.43,-0.59,1.02,0.24916814512079247,0.0620847645429363,1
0.25777777777777783,0.31,0.4,-0.2,0.6000000000000001,0.1677814569133032,0.028150617283950616,1
0.22000000000000006,0.315,0.41,-0.7,1.1099999999999999,0.2729468812791236,0.07449999999999998,1
0.009787234042553196,0.01,0.02,0,0.02,0.0025174807587657944,0.000006337709370755999,0
-0.179170735677083,-0.1783447265625,-0.172470092773438,-0.19512939453125,0.0226593017578125,0.00594392543842006,3.53302496174971e-05,0
-0.179170735677083,-0.1783447265625,-0.172470092773438,-0.19512939453125,0.0226593017578125,0.00594392543842006,3.53302496174971e-05,0
-0.177472941080729,-0.1783447265625,-0.148971557617188,-0.19512939453125,0.0461578369140625,0.00978695186912349,9.57844268885397e-05,0
-0.177472941080729,-0.1783447265625,-0.148971557617188,-0.19512939453125,0.0461578369140625,0.00978695186912349,9.57844268885397e-05,0
-0.176434326171875,-0.1778564453125,-0.148971557617188,-0.19512939453125,0.0461578369140625,0.0103867950459195,0.000107885511325938,0
-0.176434326171875,-0.1778564453125,-0.148971557617188,-0.19512939453125,0.0461578369140625,0.0103867950459195,0.000107885511325938,0
-0.176523844401042,-0.1783447265625,-0.148971557617188,-0.19512939453125,0.0461578369140625,0.0104056961186145,0.000108278511712948,0
0.537462361653646,0.925048828125,0.957015991210938,-0.181381225585938,1.13839721679688,0.516520600681965,0.266793530928858,0
0.537462361653646,0.925048828125,0.957015991210938,-0.181381225585938,1.13839721679688,0.516520600681965,0.266793530928858,0
0.613519287109375,0.951583862304688,0.95947265625,-0.17919921875,1.138671875,0.486216896059124,0.236406870013369,0
0.613519287109375,0.951583862304688,0.95947265625,-0.17919921875,1.138671875,0.486216896059124,0.236406870013369,0
0.687513224283854,0.951873779296875,0.9609375,-0.17919921875,1.14013671875,0.444560518575428,0.197634054676053,0
0.687513224283854,0.951873779296875,0.9609375,-0.17919921875,1.14013671875,0.444560518575428,0.197634054676053,0
0.762556966145833,0.952468872070312,0.961929321289062,-0.17919921875,1.14112854003906,0.381079099552676,0.145221280115878,0
0.762556966145833,0.952468872070312,0.961929321289062,-0.17919921875,1.14112854003906,0.381079099552676,0.145221280115878,0
0.83826904296875,0.953277587890625,0.961929321289062,-0.070709228515625,1.03263854980469,0.280027463471994,0.0784153802985592,0
0.83826904296875,0.953277587890625,0.961929321289062,-0.070709228515625,1.03263854980469,0.280027463471994,0.0784153802985592,0
0.906754557291667,0.9541015625,0.961929321289062,0.582611083984375,0.379318237304688,0.12398611166076,0.0153725558847544,0
0.906754557291667,0.9541015625,0.961929321289062,0.582611083984375,0.379318237304688,0.12398611166076,0.0153725558847544,0
0.936595662434896,0.955230712890625,1.07032775878906,0.582611083984375,0.487716674804688,0.102794511401871,0.0105667115743494,0
0.936595662434896,0.955230712890625,1.07032775878906,0.582611083984375,0.487716674804688,0.102794511401871,0.0105667115743494,0
0.932660929361979,0.955230712890625,1.07032775878906,0.523590087890625,0.546737670898438,0.117403532740536,0.0137835894999582,0
0.932660929361979,0.955230712890625,1.07032775878906,0.523590087890625,0.546737670898438,0.117403532740536,0.0137835894999582,0
0.188278198242188,-0.0094146728515625,1.18524169921875,-0.328155517578125,1.51339721679688,0.478032339555081,0.228514917660505,0
0.25531005859375,-0.0094146728515625,1.18524169921875,-0.328155517578125,1.51339721679688,0.517712195626094,0.268025917499991,0
0.25531005859375,-0.0094146728515625,1.18524169921875,-0.328155517578125,1.51339721679688,0.517712195626094,0.268025917499991,0
0.328646850585938,0.0058135986328125,1.18524169921875,-0.328155517578125,1.51339721679688,0.554164804688888,0.307098630755874,0
0.328646850585938,0.0058135986328125,1.18524169921875,-0.328155517578125,1.51339721679688,0.554164804688888,0.307098630755874,0
0.385693359375,0.27520751953125,1.18524169921875,-0.328155517578125,1.51339721679688,0.560405418480182,0.314054233061948,0
0.385693359375,0.27520751953125,1.18524169921875,-0.328155517578125,1.51339721679688,0.560405418480182,0.314054233061948,0
0.462689208984375,0.34051513671875,1.18524169921875,-0.328155517578125,1.51339721679688,0.583354835353195,0.340302863929953,0
0.462689208984375,0.34051513671875,1.18524169921875,-0.328155517578125,1.51339721679688,0.583354835353195,0.340302863929953,0